{
 "cells": [
  {
   "cell_type": "markdown",
   "metadata": {
    "collapsed": true
   },
   "source": [
    "# 方差分解思想\n",
    "\n",
    "## 单样本方差分析F检验回顾\n",
    "\n",
    "单样本方差分析中我们分析均组间平方和MST与均组内平方和MSE的比例。在原假设成立情况下，有\n",
    "\n",
    "$$\n",
    "F = \\frac{MST}{MSE} = \n",
    "\\frac\n",
    "{\\sum_{i=1}^k n_i(\\bar{x}_i - \\bar{x})^2/(k-1)}\n",
    "{\\sum_{i=1}^k \\sum_{j=1}^{n_i} (x_{ij}-\\bar{x}_i)^2/(N-k)}\n",
    "\\sim\n",
    "F(k-1,N-k)\n",
    "$$\n",
    "\n",
    "方差分析的模型假设已经将总体约束成至多均值（位置）不同的正态分布。原假设在约束均值相同后相当于直接要求所有总体同（正态）分布。\n",
    "但并没有要求具体指定是哪个正态分布。\n",
    "\n",
    "我们来证明对于所有特定分布$N(\\mu,\\sigma^2)$上述关系均成立。\n",
    "\n",
    "首先各个均值统计量服从\n",
    "\n",
    "$$\n",
    "\\bar{x}_i \\sim N(\\mu,\\frac{\\sigma^2}{n_i})\n",
    "$$\n",
    "\n",
    "且互相独立,令$n=\\sum_{i=1}^k n_i$,整体均值则有。\n",
    "\n",
    "$$\n",
    "\\bar{x} \\sim N(\\mu,\\frac{\\sigma^2}{n})\n",
    "$$\n",
    "\n",
    "整体均值当然与各分组均值不独立,\n",
    "\n",
    "$$\n",
    "cov(\\bar{x}_i,\\bar{x}) = cov(\\bar{x}_i,\\frac{1}{n}(\\sum_{i=1}^k \\bar{x}_i n_i)) = \n",
    "\\frac{n_i}{n} cov(\\bar{x}_i,\\bar{x}_i) = \\frac{n_i}{n}var(\\bar{x}_i) = \\frac{n_i}{n} \\frac{\\sigma^2}{n_i} = \\frac{\\sigma^2}{n}\n",
    "$$\n",
    "\n",
    "\n",
    "构造$Y_i = \\bar{x}_i - \\bar{x} $\n",
    "\n",
    "$$\n",
    "E(Y_i) = 0 \\\\\n",
    "cov(Y_i,Y_j) = cov(\\bar{x}_i - \\bar{x},\\bar{x}_j - \\bar{x}) = \n",
    "cov(\\bar{x},\\bar{x}) - cov(\\bar{x},\\bar{x}_i) - cov(\\bar{x},\\bar{x}_j) =\n",
    "-\\frac{\\sigma^2}{n} \\quad (i \\neq j) \\\\\n",
    "cov(Y_i,Y_i) = cov(\\bar{x}_i - \\bar{x},\\bar{x}_i - \\bar{x}) = var(\\bar{x}) + var(\\bar{x}_i) - 2cov(\\bar{x}_i,\\bar{x}) = \n",
    "\\frac{\\sigma^2}{n_i} - \\frac{\\sigma^2}{n} = \\sigma^2 (\\frac{1}{n_i} - \\frac{1}{n})\n",
    "$$\n",
    "\n",
    "再令$Z_i = \\sqrt{n_i} Y_i $\n",
    "\n",
    "$$\n",
    "cov(Z_i,Z_j) = cov(\\sqrt{n_i}Y_i,\\sqrt{n_j}Y_j) = --\\sigma^2\\frac{\\sqrt{n_i n_j}}{n} \\\\ \n",
    "cov(Z_i,Z_i) = \\sigma^2 (1-\\frac{n_i}{n})\n",
    "$$\n",
    "\n",
    "知道了这些，已经足够我们描述关于随机向量$Z$的多元正态分布，我们的问题是它的协方差矩阵的秩为多少。显然$Y$的协方差矩阵秩与$Z$的协方差秩相同。\n",
    "所以也可以倒回去求$Y$的协方差矩阵秩。我们发现$Y$的随机分量$Y_i$间存在这么一个线性组合关系。\n",
    "\n",
    "$$\n",
    "\\sum_{i=1}^k n_i Y_i = \\sum_{i=1}^k n_i(\\bar{x}_i - \\bar{x}) = 0\n",
    "$$\n",
    "\n",
    "这意味着它的秩小于$k$(变量间的线性组合关系可以转化为协方差矩阵的行列向量的线性组合关系，这在我的某个知乎答案里讨论过)。\n",
    "\n",
    "看上去它的秩应该就等于$k-1$,惭愧的是我没想到如何证明这一点，下面进行一些实验直接导出一些结论。"
   ]
  },
  {
   "cell_type": "code",
   "execution_count": 14,
   "metadata": {
    "collapsed": false
   },
   "outputs": [
    {
     "data": {
      "text/html": [
       "<table>\n",
       "<tbody>\n",
       "\t<tr><td> 0.09      </td><td>-0.01      </td><td>-0.01000000</td><td>-0.010     </td></tr>\n",
       "\t<tr><td>-0.01      </td><td> 0.04      </td><td>-0.01000000</td><td>-0.010     </td></tr>\n",
       "\t<tr><td>-0.01      </td><td>-0.01      </td><td> 0.02333333</td><td>-0.010     </td></tr>\n",
       "\t<tr><td>-0.01      </td><td>-0.01      </td><td>-0.01000000</td><td> 0.015     </td></tr>\n",
       "</tbody>\n",
       "</table>\n"
      ],
      "text/latex": [
       "\\begin{tabular}{llll}\n",
       "\t  0.09       & -0.01       & -0.01000000 & -0.010     \\\\\n",
       "\t -0.01       &  0.04       & -0.01000000 & -0.010     \\\\\n",
       "\t -0.01       & -0.01       &  0.02333333 & -0.010     \\\\\n",
       "\t -0.01       & -0.01       & -0.01000000 &  0.015     \\\\\n",
       "\\end{tabular}\n"
      ],
      "text/markdown": [
       "1. 0.09\n",
       "2. -0.01\n",
       "3. -0.01\n",
       "4. -0.01\n",
       "5. -0.01\n",
       "6. 0.04\n",
       "7. -0.01\n",
       "8. -0.01\n",
       "9. -0.01\n",
       "10. -0.01\n",
       "11. 0.0233333333333333\n",
       "12. -0.01\n",
       "13. -0.01\n",
       "14. -0.01\n",
       "15. -0.01\n",
       "16. 0.015\n",
       "\n",
       "\n"
      ],
      "text/plain": [
       "     [,1]  [,2]  [,3]        [,4]  \n",
       "[1,]  0.09 -0.01 -0.01000000 -0.010\n",
       "[2,] -0.01  0.04 -0.01000000 -0.010\n",
       "[3,] -0.01 -0.01  0.02333333 -0.010\n",
       "[4,] -0.01 -0.01 -0.01000000  0.015"
      ]
     },
     "metadata": {},
     "output_type": "display_data"
    }
   ],
   "source": [
    "ni = c(10,20,30,40)\n",
    "k <- length(ni)\n",
    "n <- sum(ni)\n",
    "sigma <- 1\n",
    "\n",
    "Sigma.Y <- sigma^2*(diag(1/ni)-matrix(1/n,k,k))\n",
    "Sigma.Y"
   ]
  },
  {
   "cell_type": "code",
   "execution_count": 23,
   "metadata": {
    "collapsed": false
   },
   "outputs": [
    {
     "data": {
      "text/html": [
       "<table>\n",
       "<tbody>\n",
       "\t<tr><td>1.665335e-16 </td><td>5.551115e-17 </td><td>-1.110223e-16</td><td>0            </td></tr>\n",
       "</tbody>\n",
       "</table>\n"
      ],
      "text/latex": [
       "\\begin{tabular}{llll}\n",
       "\t 1.665335e-16  & 5.551115e-17  & -1.110223e-16 & 0            \\\\\n",
       "\\end{tabular}\n"
      ],
      "text/markdown": [
       "1. 1.66533453693773e-16\n",
       "2. 5.55111512312578e-17\n",
       "3. -1.11022302462516e-16\n",
       "4. 0\n",
       "\n",
       "\n"
      ],
      "text/plain": [
       "     [,1]         [,2]         [,3]          [,4]\n",
       "[1,] 1.665335e-16 5.551115e-17 -1.110223e-16 0   "
      ]
     },
     "metadata": {},
     "output_type": "display_data"
    }
   ],
   "source": [
    "ni %*% Sigma.Y "
   ]
  },
  {
   "cell_type": "code",
   "execution_count": 25,
   "metadata": {
    "collapsed": false
   },
   "outputs": [
    {
     "data": {
      "text/html": [
       "<dl>\n",
       "\t<dt>$values</dt>\n",
       "\t\t<dd><ol class=list-inline>\n",
       "\t<li>0.0935146078456719</li>\n",
       "\t<li>0.0453321691315836</li>\n",
       "\t<li>0.0294865563560781</li>\n",
       "\t<li>6.93889390390723e-17</li>\n",
       "</ol>\n",
       "</dd>\n",
       "\t<dt>$vectors</dt>\n",
       "\t\t<dd><table>\n",
       "<tbody>\n",
       "\t<tr><td> 0.97926997</td><td> 0.0775802 </td><td>-0.04096724</td><td>-0.1825742 </td></tr>\n",
       "\t<tr><td>-0.14594983</td><td> 0.9085893 </td><td>-0.14082185</td><td>-0.3651484 </td></tr>\n",
       "\t<tr><td>-0.10553033</td><td>-0.3534627 </td><td>-0.75095103</td><td>-0.5477226 </td></tr>\n",
       "\t<tr><td>-0.09269483</td><td>-0.2085927 </td><td> 0.64386601</td><td>-0.7302967 </td></tr>\n",
       "</tbody>\n",
       "</table>\n",
       "</dd>\n",
       "</dl>\n"
      ],
      "text/latex": [
       "\\begin{description}\n",
       "\\item[\\$values] \\begin{enumerate*}\n",
       "\\item 0.0935146078456719\n",
       "\\item 0.0453321691315836\n",
       "\\item 0.0294865563560781\n",
       "\\item 6.93889390390723e-17\n",
       "\\end{enumerate*}\n",
       "\n",
       "\\item[\\$vectors] \\begin{tabular}{llll}\n",
       "\t  0.97926997 &  0.0775802  & -0.04096724 & -0.1825742 \\\\\n",
       "\t -0.14594983 &  0.9085893  & -0.14082185 & -0.3651484 \\\\\n",
       "\t -0.10553033 & -0.3534627  & -0.75095103 & -0.5477226 \\\\\n",
       "\t -0.09269483 & -0.2085927  &  0.64386601 & -0.7302967 \\\\\n",
       "\\end{tabular}\n",
       "\n",
       "\\end{description}\n"
      ],
      "text/markdown": [
       "$values\n",
       ":   1. 0.0935146078456719\n",
       "2. 0.0453321691315836\n",
       "3. 0.0294865563560781\n",
       "4. 6.93889390390723e-17\n",
       "\n",
       "\n",
       "\n",
       "$vectors\n",
       ":   1. 0.979269965176947\n",
       "2. -0.145949833022785\n",
       "3. -0.105530329834169\n",
       "4. -0.0926948274072177\n",
       "5. 0.0775801988229491\n",
       "6. 0.908589301443512\n",
       "7. -0.353462724159424\n",
       "8. -0.208592657307927\n",
       "9. -0.0409672395896941\n",
       "10. -0.140821852741961\n",
       "11. -0.750951031768977\n",
       "12. 0.643866010095137\n",
       "13. -0.182574185835055\n",
       "14. -0.365148371670112\n",
       "15. -0.547722557505167\n",
       "16. -0.730296743340221\n",
       "\n",
       "\n",
       "\n",
       "\n",
       "\n"
      ],
      "text/plain": [
       "$values\n",
       "[1] 9.351461e-02 4.533217e-02 2.948656e-02 6.938894e-17\n",
       "\n",
       "$vectors\n",
       "            [,1]       [,2]        [,3]       [,4]\n",
       "[1,]  0.97926997  0.0775802 -0.04096724 -0.1825742\n",
       "[2,] -0.14594983  0.9085893 -0.14082185 -0.3651484\n",
       "[3,] -0.10553033 -0.3534627 -0.75095103 -0.5477226\n",
       "[4,] -0.09269483 -0.2085927  0.64386601 -0.7302967\n"
      ]
     },
     "metadata": {},
     "output_type": "display_data"
    }
   ],
   "source": [
    "eigen(Sigma.Y)"
   ]
  },
  {
   "cell_type": "code",
   "execution_count": 27,
   "metadata": {
    "collapsed": false
   },
   "outputs": [
    {
     "data": {
      "text/html": [
       "<table>\n",
       "<tbody>\n",
       "\t<tr><td> 0.9000000</td><td>-0.1414214</td><td>-0.1732051</td><td>-0.2000000</td></tr>\n",
       "\t<tr><td>-0.1414214</td><td> 0.8000000</td><td>-0.2449490</td><td>-0.2828427</td></tr>\n",
       "\t<tr><td>-0.1732051</td><td>-0.2449490</td><td> 0.7000000</td><td>-0.3464102</td></tr>\n",
       "\t<tr><td>-0.2000000</td><td>-0.2828427</td><td>-0.3464102</td><td> 0.6000000</td></tr>\n",
       "</tbody>\n",
       "</table>\n"
      ],
      "text/latex": [
       "\\begin{tabular}{llll}\n",
       "\t  0.9000000 & -0.1414214 & -0.1732051 & -0.2000000\\\\\n",
       "\t -0.1414214 &  0.8000000 & -0.2449490 & -0.2828427\\\\\n",
       "\t -0.1732051 & -0.2449490 &  0.7000000 & -0.3464102\\\\\n",
       "\t -0.2000000 & -0.2828427 & -0.3464102 &  0.6000000\\\\\n",
       "\\end{tabular}\n"
      ],
      "text/markdown": [
       "1. 0.9\n",
       "2. -0.14142135623731\n",
       "3. -0.173205080756888\n",
       "4. -0.2\n",
       "5. -0.14142135623731\n",
       "6. 0.8\n",
       "7. -0.244948974278318\n",
       "8. -0.282842712474619\n",
       "9. -0.173205080756888\n",
       "10. -0.244948974278318\n",
       "11. 0.7\n",
       "12. -0.346410161513776\n",
       "13. -0.2\n",
       "14. -0.282842712474619\n",
       "15. -0.346410161513776\n",
       "16. 0.6\n",
       "\n",
       "\n"
      ],
      "text/plain": [
       "     [,1]       [,2]       [,3]       [,4]      \n",
       "[1,]  0.9000000 -0.1414214 -0.1732051 -0.2000000\n",
       "[2,] -0.1414214  0.8000000 -0.2449490 -0.2828427\n",
       "[3,] -0.1732051 -0.2449490  0.7000000 -0.3464102\n",
       "[4,] -0.2000000 -0.2828427 -0.3464102  0.6000000"
      ]
     },
     "metadata": {},
     "output_type": "display_data"
    }
   ],
   "source": [
    "Sigma.Z <- sqrt(diag(ni)) %*% Sigma.Y %*% t(sqrt(diag(ni)))\n",
    "Sigma.Z"
   ]
  },
  {
   "cell_type": "code",
   "execution_count": 28,
   "metadata": {
    "collapsed": false
   },
   "outputs": [
    {
     "data": {
      "text/html": [
       "<table>\n",
       "<tbody>\n",
       "\t<tr><td> 0.9000000</td><td>-0.1414214</td><td>-0.1732051</td><td>-0.2000000</td></tr>\n",
       "\t<tr><td>-0.1414214</td><td> 0.8000000</td><td>-0.2449490</td><td>-0.2828427</td></tr>\n",
       "\t<tr><td>-0.1732051</td><td>-0.2449490</td><td> 0.7000000</td><td>-0.3464102</td></tr>\n",
       "\t<tr><td>-0.2000000</td><td>-0.2828427</td><td>-0.3464102</td><td> 0.6000000</td></tr>\n",
       "</tbody>\n",
       "</table>\n"
      ],
      "text/latex": [
       "\\begin{tabular}{llll}\n",
       "\t  0.9000000 & -0.1414214 & -0.1732051 & -0.2000000\\\\\n",
       "\t -0.1414214 &  0.8000000 & -0.2449490 & -0.2828427\\\\\n",
       "\t -0.1732051 & -0.2449490 &  0.7000000 & -0.3464102\\\\\n",
       "\t -0.2000000 & -0.2828427 & -0.3464102 &  0.6000000\\\\\n",
       "\\end{tabular}\n"
      ],
      "text/markdown": [
       "1. 0.9\n",
       "2. -0.14142135623731\n",
       "3. -0.173205080756888\n",
       "4. -0.2\n",
       "5. -0.14142135623731\n",
       "6. 0.8\n",
       "7. -0.244948974278318\n",
       "8. -0.282842712474619\n",
       "9. -0.173205080756888\n",
       "10. -0.244948974278318\n",
       "11. 0.7\n",
       "12. -0.346410161513776\n",
       "13. -0.2\n",
       "14. -0.282842712474619\n",
       "15. -0.346410161513776\n",
       "16. 0.6\n",
       "\n",
       "\n"
      ],
      "text/plain": [
       "     [,1]       [,2]       [,3]       [,4]      \n",
       "[1,]  0.9000000 -0.1414214 -0.1732051 -0.2000000\n",
       "[2,] -0.1414214  0.8000000 -0.2449490 -0.2828427\n",
       "[3,] -0.1732051 -0.2449490  0.7000000 -0.3464102\n",
       "[4,] -0.2000000 -0.2828427 -0.3464102  0.6000000"
      ]
     },
     "metadata": {},
     "output_type": "display_data"
    }
   ],
   "source": [
    "Sigma.Z %*% Sigma.Z"
   ]
  },
  {
   "cell_type": "code",
   "execution_count": 29,
   "metadata": {
    "collapsed": false
   },
   "outputs": [
    {
     "data": {
      "text/html": [
       "<dl>\n",
       "\t<dt>$values</dt>\n",
       "\t\t<dd><ol class=list-inline>\n",
       "\t<li>1</li>\n",
       "\t<li>1</li>\n",
       "\t<li>1</li>\n",
       "\t<li>6.66133814775094e-16</li>\n",
       "</ol>\n",
       "</dd>\n",
       "\t<dt>$vectors</dt>\n",
       "\t\t<dd><table>\n",
       "<tbody>\n",
       "\t<tr><td> 0.9486833 </td><td> 0.0000000 </td><td> 0.00000000</td><td>-0.3162278 </td></tr>\n",
       "\t<tr><td>-0.1490712 </td><td>-0.8796528 </td><td>-0.06315623</td><td>-0.4472136 </td></tr>\n",
       "\t<tr><td>-0.1825742 </td><td> 0.3619483 </td><td>-0.73188805</td><td>-0.5477226 </td></tr>\n",
       "\t<tr><td>-0.2108185 </td><td> 0.3085521 </td><td> 0.67849184</td><td>-0.6324555 </td></tr>\n",
       "</tbody>\n",
       "</table>\n",
       "</dd>\n",
       "</dl>\n"
      ],
      "text/latex": [
       "\\begin{description}\n",
       "\\item[\\$values] \\begin{enumerate*}\n",
       "\\item 1\n",
       "\\item 1\n",
       "\\item 1\n",
       "\\item 6.66133814775094e-16\n",
       "\\end{enumerate*}\n",
       "\n",
       "\\item[\\$vectors] \\begin{tabular}{llll}\n",
       "\t  0.9486833  &  0.0000000  &  0.00000000 & -0.3162278 \\\\\n",
       "\t -0.1490712  & -0.8796528  & -0.06315623 & -0.4472136 \\\\\n",
       "\t -0.1825742  &  0.3619483  & -0.73188805 & -0.5477226 \\\\\n",
       "\t -0.2108185  &  0.3085521  &  0.67849184 & -0.6324555 \\\\\n",
       "\\end{tabular}\n",
       "\n",
       "\\end{description}\n"
      ],
      "text/markdown": [
       "$values\n",
       ":   1. 1\n",
       "2. 1\n",
       "3. 1\n",
       "4. 6.66133814775094e-16\n",
       "\n",
       "\n",
       "\n",
       "$vectors\n",
       ":   1. 0.948683298050514\n",
       "2. -0.149071198499986\n",
       "3. -0.182574185835055\n",
       "4. -0.210818510677892\n",
       "5. 0\n",
       "6. -0.879652811254894\n",
       "7. 0.361948274334609\n",
       "8. 0.308552067498436\n",
       "9. 0\n",
       "10. -0.0631562303271687\n",
       "11. -0.731888047021445\n",
       "12. 0.678491840185272\n",
       "13. -0.316227766016838\n",
       "14. -0.447213595499958\n",
       "15. -0.547722557505166\n",
       "16. -0.632455532033676\n",
       "\n",
       "\n",
       "\n",
       "\n",
       "\n"
      ],
      "text/plain": [
       "$values\n",
       "[1] 1.000000e+00 1.000000e+00 1.000000e+00 6.661338e-16\n",
       "\n",
       "$vectors\n",
       "           [,1]       [,2]        [,3]       [,4]\n",
       "[1,]  0.9486833  0.0000000  0.00000000 -0.3162278\n",
       "[2,] -0.1490712 -0.8796528 -0.06315623 -0.4472136\n",
       "[3,] -0.1825742  0.3619483 -0.73188805 -0.5477226\n",
       "[4,] -0.2108185  0.3085521  0.67849184 -0.6324555\n"
      ]
     },
     "metadata": {},
     "output_type": "display_data"
    }
   ],
   "source": [
    "eigen(Sigma.Z)"
   ]
  },
  {
   "cell_type": "markdown",
   "metadata": {},
   "source": [
    "我们发现，经过加权过后，$Z$的协方差矩阵“神奇的”变成了一个对称幂等矩阵。我们来证明,对于 \n",
    "\n",
    "$$\n",
    "Z \\sim N(0,D_r) \\\\\n",
    "Z^TZ \\sim \\chi^2(r)\n",
    "$$\n",
    "\n",
    "其中$D_r$为秩为$r$的对称幂等矩阵。在卡方分布定义原始版本里,能直接导出的只有协方差矩阵是$I_r$才有后面服从卡方分布的结论。\n",
    "其中$I_r$是只有$r$个$1$元，其他$1$换成$0$的单位矩阵变动产物。$I_r$也是秩$r$的对称幂等矩阵，所以这里我们在扩展结论。\n",
    "\n",
    "首先有结论\n",
    "\n",
    "$$\n",
    "X \\sim N(0,I) \\\\\n",
    "X^T D_r X \\sim \\chi^2(r)\n",
    "$$\n",
    "\n",
    "该结论可由Cochran定理导出，说实话Cochran定理本身和导出的这个结论也没那么直观。\n",
    "\n",
    "$$\n",
    "(X^T D_r^T)(D_r X) = X^T D_r X \\sim \\chi^2(r) \\\\\n",
    "\\Sigma(D_rX) = D_r I D_r^T = D_r\n",
    "$$\n",
    "\n",
    "也就是说，对每个协方差矩阵为对称幂等矩阵$D_r$的$0$均值多元正态分布向量$X$。我们可以反向通过$X^T D_r X \\sim \\chi^2(r)$得到期望结论。\n",
    "\n",
    "从另一个角度看，因为对称幂等矩阵的特征值全为1，又因为正交矩阵乘随机向量并不改变$Z^TZ$型的分布。\n",
    "我们可以直接拿它的谱分解的正交矩阵$P$做\n",
    "$\\Sigma(P^TZ) = P^T P P^T I_r (P^T)^T = I_r$，于是$(P^T Z)^T (P^T Z) \\sim \\chi^2(r) \\to Z^T Z \\sim \\chi^2(r)$\n",
    "\n",
    "这样，我们就得到了\n",
    "\n",
    "$$ \n",
    "\\frac{SST}{\\sigma^2} = \\frac{1}{\\sigma^2} \\sum_{i=1}^k n_i(\\bar{x}_i - \\bar{x})^2 = \n",
    "\\sum_{i=1}^k \\left(\\frac{\\sqrt{n_i}(\\bar{x}_i - \\bar{x})}{\\sigma} \\right)^2 =Z^TZ \\sim \\chi^2(k-1)\n",
    "$$\n",
    "\n",
    "也许我们可以通过类似的方法得到\n",
    "\n",
    "$$\n",
    "\\frac{SSE}{\\sigma^2} \\sim \\chi^2(n-k)\n",
    "$$\n",
    "\n",
    "(前面$k-1$的$-1$显然来自$k$个均值随机变量间的那个组合关系。这里列出$n$个随机变量后，\n",
    "显然在每个对应分组随机变量内又存在一个组合关系。这种约束共$k$个，故自由度为$n-k$)\n",
    "\n",
    "然后试图证明$SST$与$SSE$独立。再求比配个常数得到\n",
    "\n",
    "$$\n",
    "F = \\frac{SST/(k-1)}{SSE/(n-k)} = \\frac{MST}{MSE} \\sim F(k-1,n-k)\n",
    "$$\n",
    "\n",
    "当然也可以直接选择Cochran定理证出$SSE$与$SST$的独立性与$SSE$的分布。这是我们熟悉的套路，基准是与位置参数的离差平方和，\n",
    "服从自由度为$n$的卡方分布。它可以分解为三项，SST，SSE与样本均值与期望参数间的平方误差。它们显然非负定，秩关系也相对容易得到。"
   ]
  },
  {
   "cell_type": "code",
   "execution_count": 36,
   "metadata": {
    "collapsed": false
   },
   "outputs": [
    {
     "data": {
      "text/html": [
       "<table>\n",
       "<tbody>\n",
       "\t<tr><td> 1.000000e+00</td><td>-5.551115e-17</td><td>-8.326673e-17</td><td>-2.775558e-17</td></tr>\n",
       "\t<tr><td>-5.551115e-17</td><td> 1.000000e+00</td><td>-2.775558e-17</td><td>-1.110223e-16</td></tr>\n",
       "\t<tr><td>-8.326673e-17</td><td>-2.775558e-17</td><td> 1.000000e+00</td><td> 2.220446e-16</td></tr>\n",
       "\t<tr><td>-2.775558e-17</td><td>-1.110223e-16</td><td> 2.220446e-16</td><td> 1.000000e+00</td></tr>\n",
       "</tbody>\n",
       "</table>\n"
      ],
      "text/latex": [
       "\\begin{tabular}{llll}\n",
       "\t  1.000000e+00 & -5.551115e-17 & -8.326673e-17 & -2.775558e-17\\\\\n",
       "\t -5.551115e-17 &  1.000000e+00 & -2.775558e-17 & -1.110223e-16\\\\\n",
       "\t -8.326673e-17 & -2.775558e-17 &  1.000000e+00 &  2.220446e-16\\\\\n",
       "\t -2.775558e-17 & -1.110223e-16 &  2.220446e-16 &  1.000000e+00\\\\\n",
       "\\end{tabular}\n"
      ],
      "text/markdown": [
       "1. 1\n",
       "2. -5.55111512312578e-17\n",
       "3. -8.32667268468867e-17\n",
       "4. -2.77555756156289e-17\n",
       "5. -5.55111512312578e-17\n",
       "6. 0.999999999999999\n",
       "7. -2.77555756156289e-17\n",
       "8. -1.11022302462516e-16\n",
       "9. -8.32667268468867e-17\n",
       "10. -2.77555756156289e-17\n",
       "11. 0.999999999999999\n",
       "12. 2.22044604925031e-16\n",
       "13. -2.77555756156289e-17\n",
       "14. -1.11022302462516e-16\n",
       "15. 2.22044604925031e-16\n",
       "16. 1\n",
       "\n",
       "\n"
      ],
      "text/plain": [
       "     [,1]          [,2]          [,3]          [,4]         \n",
       "[1,]  1.000000e+00 -5.551115e-17 -8.326673e-17 -2.775558e-17\n",
       "[2,] -5.551115e-17  1.000000e+00 -2.775558e-17 -1.110223e-16\n",
       "[3,] -8.326673e-17 -2.775558e-17  1.000000e+00  2.220446e-16\n",
       "[4,] -2.775558e-17 -1.110223e-16  2.220446e-16  1.000000e+00"
      ]
     },
     "metadata": {},
     "output_type": "display_data"
    }
   ],
   "source": [
    "P <- eigen(Sigma.Z)$vectors\n",
    "P %*%  diag(c(1,1,1,1)) %*% t(P)"
   ]
  },
  {
   "cell_type": "code",
   "execution_count": 41,
   "metadata": {
    "collapsed": false
   },
   "outputs": [],
   "source": [
    "A1 <- P %*% diag(c(1,1,0,0)) %*% t(P)\n",
    "A2 <- P %*% diag(c(0,0,1,0)) %*% t(P)\n",
    "A3 <- P %*% diag(c(0,0,0,1)) %*% t(P)"
   ]
  },
  {
   "cell_type": "code",
   "execution_count": 42,
   "metadata": {
    "collapsed": false
   },
   "outputs": [
    {
     "data": {
      "text/html": [
       "<table>\n",
       "<tbody>\n",
       "\t<tr><td> 0.9000000</td><td>-0.1414214</td><td>-0.1732051</td><td>-0.2000000</td></tr>\n",
       "\t<tr><td>-0.1414214</td><td> 0.7960113</td><td>-0.2911723</td><td>-0.2399917</td></tr>\n",
       "\t<tr><td>-0.1732051</td><td>-0.2911723</td><td> 0.1643399</td><td> 0.1501699</td></tr>\n",
       "\t<tr><td>-0.2000000</td><td>-0.2399917</td><td> 0.1501699</td><td> 0.1396488</td></tr>\n",
       "</tbody>\n",
       "</table>\n"
      ],
      "text/latex": [
       "\\begin{tabular}{llll}\n",
       "\t  0.9000000 & -0.1414214 & -0.1732051 & -0.2000000\\\\\n",
       "\t -0.1414214 &  0.7960113 & -0.2911723 & -0.2399917\\\\\n",
       "\t -0.1732051 & -0.2911723 &  0.1643399 &  0.1501699\\\\\n",
       "\t -0.2000000 & -0.2399917 &  0.1501699 &  0.1396488\\\\\n",
       "\\end{tabular}\n"
      ],
      "text/markdown": [
       "1. 0.9\n",
       "2. -0.14142135623731\n",
       "3. -0.173205080756888\n",
       "4. -0.2\n",
       "5. -0.14142135623731\n",
       "6. 0.796011290570861\n",
       "7. -0.291172264349706\n",
       "8. -0.239991725540773\n",
       "9. -0.173205080756888\n",
       "10. -0.291172264349706\n",
       "11. 0.164339886627135\n",
       "12. 0.15016990631941\n",
       "13. -0.2\n",
       "14. -0.239991725540773\n",
       "15. 0.15016990631941\n",
       "16. 0.139648822802004\n",
       "\n",
       "\n"
      ],
      "text/plain": [
       "     [,1]       [,2]       [,3]       [,4]      \n",
       "[1,]  0.9000000 -0.1414214 -0.1732051 -0.2000000\n",
       "[2,] -0.1414214  0.7960113 -0.2911723 -0.2399917\n",
       "[3,] -0.1732051 -0.2911723  0.1643399  0.1501699\n",
       "[4,] -0.2000000 -0.2399917  0.1501699  0.1396488"
      ]
     },
     "metadata": {},
     "output_type": "display_data"
    }
   ],
   "source": [
    "A1"
   ]
  },
  {
   "cell_type": "code",
   "execution_count": 43,
   "metadata": {
    "collapsed": false
   },
   "outputs": [
    {
     "data": {
      "text/html": [
       "<table>\n",
       "<tbody>\n",
       "\t<tr><td>0           </td><td> 0.000000000</td><td> 0.00000000 </td><td> 0.00000000 </td></tr>\n",
       "\t<tr><td>0           </td><td> 0.003988709</td><td> 0.04622329 </td><td>-0.04285099 </td></tr>\n",
       "\t<tr><td>0           </td><td> 0.046223290</td><td> 0.53566011 </td><td>-0.49658007 </td></tr>\n",
       "\t<tr><td>0           </td><td>-0.042850987</td><td>-0.49658007 </td><td> 0.46035118 </td></tr>\n",
       "</tbody>\n",
       "</table>\n"
      ],
      "text/latex": [
       "\\begin{tabular}{llll}\n",
       "\t 0            &  0.000000000 &  0.00000000  &  0.00000000 \\\\\n",
       "\t 0            &  0.003988709 &  0.04622329  & -0.04285099 \\\\\n",
       "\t 0            &  0.046223290 &  0.53566011  & -0.49658007 \\\\\n",
       "\t 0            & -0.042850987 & -0.49658007  &  0.46035118 \\\\\n",
       "\\end{tabular}\n"
      ],
      "text/markdown": [
       "1. 0\n",
       "2. 0\n",
       "3. 0\n",
       "4. 0\n",
       "5. 0\n",
       "6. 0.00398870942913839\n",
       "7. 0.0462232900713881\n",
       "8. -0.0428509869338456\n",
       "9. 0\n",
       "10. 0.0462232900713881\n",
       "11. 0.535660113372865\n",
       "12. -0.496580067833185\n",
       "13. 0\n",
       "14. -0.0428509869338456\n",
       "15. -0.496580067833185\n",
       "16. 0.460351177197996\n",
       "\n",
       "\n"
      ],
      "text/plain": [
       "     [,1] [,2]         [,3]        [,4]       \n",
       "[1,] 0     0.000000000  0.00000000  0.00000000\n",
       "[2,] 0     0.003988709  0.04622329 -0.04285099\n",
       "[3,] 0     0.046223290  0.53566011 -0.49658007\n",
       "[4,] 0    -0.042850987 -0.49658007  0.46035118"
      ]
     },
     "metadata": {},
     "output_type": "display_data"
    }
   ],
   "source": [
    "A2"
   ]
  },
  {
   "cell_type": "code",
   "execution_count": 44,
   "metadata": {
    "collapsed": false
   },
   "outputs": [
    {
     "data": {
      "text/html": [
       "<table>\n",
       "<tbody>\n",
       "\t<tr><td>0.1000000</td><td>0.1414214</td><td>0.1732051</td><td>0.2000000</td></tr>\n",
       "\t<tr><td>0.1414214</td><td>0.2000000</td><td>0.2449490</td><td>0.2828427</td></tr>\n",
       "\t<tr><td>0.1732051</td><td>0.2449490</td><td>0.3000000</td><td>0.3464102</td></tr>\n",
       "\t<tr><td>0.2000000</td><td>0.2828427</td><td>0.3464102</td><td>0.4000000</td></tr>\n",
       "</tbody>\n",
       "</table>\n"
      ],
      "text/latex": [
       "\\begin{tabular}{llll}\n",
       "\t 0.1000000 & 0.1414214 & 0.1732051 & 0.2000000\\\\\n",
       "\t 0.1414214 & 0.2000000 & 0.2449490 & 0.2828427\\\\\n",
       "\t 0.1732051 & 0.2449490 & 0.3000000 & 0.3464102\\\\\n",
       "\t 0.2000000 & 0.2828427 & 0.3464102 & 0.4000000\\\\\n",
       "\\end{tabular}\n"
      ],
      "text/markdown": [
       "1. 0.1\n",
       "2. 0.141421356237309\n",
       "3. 0.173205080756888\n",
       "4. 0.2\n",
       "5. 0.141421356237309\n",
       "6. 0.2\n",
       "7. 0.244948974278318\n",
       "8. 0.282842712474619\n",
       "9. 0.173205080756888\n",
       "10. 0.244948974278318\n",
       "11. 0.3\n",
       "12. 0.346410161513775\n",
       "13. 0.2\n",
       "14. 0.282842712474619\n",
       "15. 0.346410161513775\n",
       "16. 0.4\n",
       "\n",
       "\n"
      ],
      "text/plain": [
       "     [,1]      [,2]      [,3]      [,4]     \n",
       "[1,] 0.1000000 0.1414214 0.1732051 0.2000000\n",
       "[2,] 0.1414214 0.2000000 0.2449490 0.2828427\n",
       "[3,] 0.1732051 0.2449490 0.3000000 0.3464102\n",
       "[4,] 0.2000000 0.2828427 0.3464102 0.4000000"
      ]
     },
     "metadata": {},
     "output_type": "display_data"
    }
   ],
   "source": [
    "A3"
   ]
  },
  {
   "cell_type": "code",
   "execution_count": 45,
   "metadata": {
    "collapsed": false
   },
   "outputs": [
    {
     "data": {
      "text/html": [
       "<table>\n",
       "<tbody>\n",
       "\t<tr><td> 1.000000e+00</td><td>-5.551115e-17</td><td>-8.326673e-17</td><td>-2.775558e-17</td></tr>\n",
       "\t<tr><td>-5.551115e-17</td><td> 1.000000e+00</td><td>-2.775558e-17</td><td>-1.110223e-16</td></tr>\n",
       "\t<tr><td>-8.326673e-17</td><td>-2.775558e-17</td><td> 1.000000e+00</td><td> 2.220446e-16</td></tr>\n",
       "\t<tr><td>-2.775558e-17</td><td>-1.110223e-16</td><td> 2.220446e-16</td><td> 1.000000e+00</td></tr>\n",
       "</tbody>\n",
       "</table>\n"
      ],
      "text/latex": [
       "\\begin{tabular}{llll}\n",
       "\t  1.000000e+00 & -5.551115e-17 & -8.326673e-17 & -2.775558e-17\\\\\n",
       "\t -5.551115e-17 &  1.000000e+00 & -2.775558e-17 & -1.110223e-16\\\\\n",
       "\t -8.326673e-17 & -2.775558e-17 &  1.000000e+00 &  2.220446e-16\\\\\n",
       "\t -2.775558e-17 & -1.110223e-16 &  2.220446e-16 &  1.000000e+00\\\\\n",
       "\\end{tabular}\n"
      ],
      "text/markdown": [
       "1. 1\n",
       "2. -5.55111512312578e-17\n",
       "3. -8.32667268468867e-17\n",
       "4. -2.77555756156289e-17\n",
       "5. -5.55111512312578e-17\n",
       "6. 0.999999999999999\n",
       "7. -2.77555756156289e-17\n",
       "8. -1.11022302462516e-16\n",
       "9. -8.32667268468867e-17\n",
       "10. -2.77555756156289e-17\n",
       "11. 0.999999999999999\n",
       "12. 2.22044604925031e-16\n",
       "13. -2.77555756156289e-17\n",
       "14. -1.11022302462516e-16\n",
       "15. 2.22044604925031e-16\n",
       "16. 1\n",
       "\n",
       "\n"
      ],
      "text/plain": [
       "     [,1]          [,2]          [,3]          [,4]         \n",
       "[1,]  1.000000e+00 -5.551115e-17 -8.326673e-17 -2.775558e-17\n",
       "[2,] -5.551115e-17  1.000000e+00 -2.775558e-17 -1.110223e-16\n",
       "[3,] -8.326673e-17 -2.775558e-17  1.000000e+00  2.220446e-16\n",
       "[4,] -2.775558e-17 -1.110223e-16  2.220446e-16  1.000000e+00"
      ]
     },
     "metadata": {},
     "output_type": "display_data"
    }
   ],
   "source": [
    "A1 + A2 + A3"
   ]
  },
  {
   "cell_type": "markdown",
   "metadata": {},
   "source": [
    "正如上面试验所指出的，\n",
    "\n",
    "$$\n",
    "P(\\sum_i^k{A_i})P^T = \\sum_{i=1}^k PA_iP^T = P I P^T = I\n",
    "$$\n",
    "\n",
    "其中$A_i$是除了对角线上某些元为1外其他元素皆为0的矩阵。且$\\sum_i^k A_i = I$。\n",
    "\n",
    "此法造出的$PA_iP^T$可能被构造的非常混乱，简直看不出它们依旧保持相加等于单位阵以及它们自己相对简单的秩关系以及它们作为协方差矩阵依旧拥有\n",
    "的简单的平方和分布等诸多性质。"
   ]
  },
  {
   "cell_type": "code",
   "execution_count": 46,
   "metadata": {
    "collapsed": false
   },
   "outputs": [
    {
     "data": {
      "text/html": [
       "<dl>\n",
       "\t<dt>$values</dt>\n",
       "\t\t<dd><ol class=list-inline>\n",
       "\t<li>1</li>\n",
       "\t<li>1</li>\n",
       "\t<li>0</li>\n",
       "\t<li>0</li>\n",
       "</ol>\n",
       "</dd>\n",
       "\t<dt>$vectors</dt>\n",
       "\t\t<dd><table>\n",
       "<tbody>\n",
       "\t<tr><td>0</td><td>0</td><td>0</td><td>1</td></tr>\n",
       "\t<tr><td>0</td><td>0</td><td>1</td><td>0</td></tr>\n",
       "\t<tr><td>0</td><td>1</td><td>0</td><td>0</td></tr>\n",
       "\t<tr><td>1</td><td>0</td><td>0</td><td>0</td></tr>\n",
       "</tbody>\n",
       "</table>\n",
       "</dd>\n",
       "</dl>\n"
      ],
      "text/latex": [
       "\\begin{description}\n",
       "\\item[\\$values] \\begin{enumerate*}\n",
       "\\item 1\n",
       "\\item 1\n",
       "\\item 0\n",
       "\\item 0\n",
       "\\end{enumerate*}\n",
       "\n",
       "\\item[\\$vectors] \\begin{tabular}{llll}\n",
       "\t 0 & 0 & 0 & 1\\\\\n",
       "\t 0 & 0 & 1 & 0\\\\\n",
       "\t 0 & 1 & 0 & 0\\\\\n",
       "\t 1 & 0 & 0 & 0\\\\\n",
       "\\end{tabular}\n",
       "\n",
       "\\end{description}\n"
      ],
      "text/markdown": [
       "$values\n",
       ":   1. 1\n",
       "2. 1\n",
       "3. 0\n",
       "4. 0\n",
       "\n",
       "\n",
       "\n",
       "$vectors\n",
       ":   1. 0\n",
       "2. 0\n",
       "3. 0\n",
       "4. 1\n",
       "5. 0\n",
       "6. 0\n",
       "7. 1\n",
       "8. 0\n",
       "9. 0\n",
       "10. 1\n",
       "11. 0\n",
       "12. 0\n",
       "13. 1\n",
       "14. 0\n",
       "15. 0\n",
       "16. 0\n",
       "\n",
       "\n",
       "\n",
       "\n",
       "\n"
      ],
      "text/plain": [
       "$values\n",
       "[1] 1 1 0 0\n",
       "\n",
       "$vectors\n",
       "     [,1] [,2] [,3] [,4]\n",
       "[1,]    0    0    0    1\n",
       "[2,]    0    0    1    0\n",
       "[3,]    0    1    0    0\n",
       "[4,]    1    0    0    0\n"
      ]
     },
     "metadata": {},
     "output_type": "display_data"
    }
   ],
   "source": [
    "eigen(diag(c(0,0,1,1)))"
   ]
  },
  {
   "cell_type": "code",
   "execution_count": 47,
   "metadata": {
    "collapsed": false
   },
   "outputs": [
    {
     "data": {
      "text/html": [
       "<dl>\n",
       "\t<dt>$values</dt>\n",
       "\t\t<dd><ol class=list-inline>\n",
       "\t<li>1</li>\n",
       "\t<li>1</li>\n",
       "\t<li>6.66133814775094e-16</li>\n",
       "\t<li>6.66133814775094e-16</li>\n",
       "</ol>\n",
       "</dd>\n",
       "\t<dt>$vectors</dt>\n",
       "\t\t<dd><table>\n",
       "<tbody>\n",
       "\t<tr><td> 0.9486833 </td><td> 0.0000000 </td><td> 0.00000000</td><td>-0.3162278 </td></tr>\n",
       "\t<tr><td>-0.1490712 </td><td>-0.8796528 </td><td>-0.06315623</td><td>-0.4472136 </td></tr>\n",
       "\t<tr><td>-0.1825742 </td><td> 0.3619483 </td><td>-0.73188805</td><td>-0.5477226 </td></tr>\n",
       "\t<tr><td>-0.2108185 </td><td> 0.3085521 </td><td> 0.67849184</td><td>-0.6324555 </td></tr>\n",
       "</tbody>\n",
       "</table>\n",
       "</dd>\n",
       "</dl>\n"
      ],
      "text/latex": [
       "\\begin{description}\n",
       "\\item[\\$values] \\begin{enumerate*}\n",
       "\\item 1\n",
       "\\item 1\n",
       "\\item 6.66133814775094e-16\n",
       "\\item 6.66133814775094e-16\n",
       "\\end{enumerate*}\n",
       "\n",
       "\\item[\\$vectors] \\begin{tabular}{llll}\n",
       "\t  0.9486833  &  0.0000000  &  0.00000000 & -0.3162278 \\\\\n",
       "\t -0.1490712  & -0.8796528  & -0.06315623 & -0.4472136 \\\\\n",
       "\t -0.1825742  &  0.3619483  & -0.73188805 & -0.5477226 \\\\\n",
       "\t -0.2108185  &  0.3085521  &  0.67849184 & -0.6324555 \\\\\n",
       "\\end{tabular}\n",
       "\n",
       "\\end{description}\n"
      ],
      "text/markdown": [
       "$values\n",
       ":   1. 1\n",
       "2. 1\n",
       "3. 6.66133814775094e-16\n",
       "4. 6.66133814775094e-16\n",
       "\n",
       "\n",
       "\n",
       "$vectors\n",
       ":   1. 0.948683298050514\n",
       "2. -0.149071198499986\n",
       "3. -0.182574185835055\n",
       "4. -0.210818510677892\n",
       "5. 0\n",
       "6. -0.879652811254894\n",
       "7. 0.361948274334609\n",
       "8. 0.308552067498436\n",
       "9. 0\n",
       "10. -0.0631562303271689\n",
       "11. -0.731888047021445\n",
       "12. 0.678491840185272\n",
       "13. -0.316227766016838\n",
       "14. -0.447213595499958\n",
       "15. -0.547722557505166\n",
       "16. -0.632455532033676\n",
       "\n",
       "\n",
       "\n",
       "\n",
       "\n"
      ],
      "text/plain": [
       "$values\n",
       "[1] 1.000000e+00 1.000000e+00 6.661338e-16 6.661338e-16\n",
       "\n",
       "$vectors\n",
       "           [,1]       [,2]        [,3]       [,4]\n",
       "[1,]  0.9486833  0.0000000  0.00000000 -0.3162278\n",
       "[2,] -0.1490712 -0.8796528 -0.06315623 -0.4472136\n",
       "[3,] -0.1825742  0.3619483 -0.73188805 -0.5477226\n",
       "[4,] -0.2108185  0.3085521  0.67849184 -0.6324555\n"
      ]
     },
     "metadata": {},
     "output_type": "display_data"
    }
   ],
   "source": [
    "eigen(A1)"
   ]
  },
  {
   "cell_type": "code",
   "execution_count": 48,
   "metadata": {
    "collapsed": false
   },
   "outputs": [
    {
     "data": {
      "text/html": [
       "<dl>\n",
       "\t<dt>$values</dt>\n",
       "\t\t<dd><ol class=list-inline>\n",
       "\t<li>1</li>\n",
       "\t<li>2.22044604925031e-16</li>\n",
       "\t<li>0</li>\n",
       "\t<li>-5.55111512312578e-17</li>\n",
       "</ol>\n",
       "</dd>\n",
       "\t<dt>$vectors</dt>\n",
       "\t\t<dd><table>\n",
       "<tbody>\n",
       "\t<tr><td> 0.00000000</td><td> 0.00000000</td><td>1          </td><td>0.0000000  </td></tr>\n",
       "\t<tr><td>-0.06315623</td><td> 0.99800365</td><td>0          </td><td>0.0000000  </td></tr>\n",
       "\t<tr><td>-0.73188805</td><td>-0.04631575</td><td>0          </td><td>0.6798491  </td></tr>\n",
       "\t<tr><td> 0.67849184</td><td> 0.04293670</td><td>0          </td><td>0.7333521  </td></tr>\n",
       "</tbody>\n",
       "</table>\n",
       "</dd>\n",
       "</dl>\n"
      ],
      "text/latex": [
       "\\begin{description}\n",
       "\\item[\\$values] \\begin{enumerate*}\n",
       "\\item 1\n",
       "\\item 2.22044604925031e-16\n",
       "\\item 0\n",
       "\\item -5.55111512312578e-17\n",
       "\\end{enumerate*}\n",
       "\n",
       "\\item[\\$vectors] \\begin{tabular}{llll}\n",
       "\t  0.00000000 &  0.00000000 & 1           & 0.0000000  \\\\\n",
       "\t -0.06315623 &  0.99800365 & 0           & 0.0000000  \\\\\n",
       "\t -0.73188805 & -0.04631575 & 0           & 0.6798491  \\\\\n",
       "\t  0.67849184 &  0.04293670 & 0           & 0.7333521  \\\\\n",
       "\\end{tabular}\n",
       "\n",
       "\\end{description}\n"
      ],
      "text/markdown": [
       "$values\n",
       ":   1. 1\n",
       "2. 2.22044604925031e-16\n",
       "3. 0\n",
       "4. -5.55111512312578e-17\n",
       "\n",
       "\n",
       "\n",
       "$vectors\n",
       ":   1. 0\n",
       "2. -0.0631562303271687\n",
       "3. -0.731888047021445\n",
       "4. 0.678491840185272\n",
       "5. 0\n",
       "6. 0.998003652583928\n",
       "7. -0.0463157524040233\n",
       "8. 0.0429367035109543\n",
       "9. 1\n",
       "10. 0\n",
       "11. 0\n",
       "12. 0\n",
       "13. 0\n",
       "14. 0\n",
       "15. 0.679849055089719\n",
       "16. 0.733352072536525\n",
       "\n",
       "\n",
       "\n",
       "\n",
       "\n"
      ],
      "text/plain": [
       "$values\n",
       "[1]  1.000000e+00  2.220446e-16  0.000000e+00 -5.551115e-17\n",
       "\n",
       "$vectors\n",
       "            [,1]        [,2] [,3]      [,4]\n",
       "[1,]  0.00000000  0.00000000    1 0.0000000\n",
       "[2,] -0.06315623  0.99800365    0 0.0000000\n",
       "[3,] -0.73188805 -0.04631575    0 0.6798491\n",
       "[4,]  0.67849184  0.04293670    0 0.7333521\n"
      ]
     },
     "metadata": {},
     "output_type": "display_data"
    }
   ],
   "source": [
    "eigen(A2)"
   ]
  },
  {
   "cell_type": "code",
   "execution_count": 49,
   "metadata": {
    "collapsed": false
   },
   "outputs": [
    {
     "data": {
      "text/html": [
       "<dl>\n",
       "\t<dt>$values</dt>\n",
       "\t\t<dd><ol class=list-inline>\n",
       "\t<li>1</li>\n",
       "\t<li>2.22044604925031e-16</li>\n",
       "\t<li>1.33226762955019e-16</li>\n",
       "\t<li>-2.22044604925031e-17</li>\n",
       "</ol>\n",
       "</dd>\n",
       "\t<dt>$vectors</dt>\n",
       "\t\t<dd><table>\n",
       "<tbody>\n",
       "\t<tr><td>-0.3162278 </td><td> 0.9486833 </td><td> 0.00000000</td><td> 0.0000000 </td></tr>\n",
       "\t<tr><td>-0.4472136 </td><td>-0.1490712 </td><td> 0.75854107</td><td>-0.4498813 </td></tr>\n",
       "\t<tr><td>-0.5477226 </td><td>-0.1825742 </td><td>-0.65104666</td><td>-0.4927524 </td></tr>\n",
       "\t<tr><td>-0.6324555 </td><td>-0.2108185 </td><td> 0.02745342</td><td> 0.7448502 </td></tr>\n",
       "</tbody>\n",
       "</table>\n",
       "</dd>\n",
       "</dl>\n"
      ],
      "text/latex": [
       "\\begin{description}\n",
       "\\item[\\$values] \\begin{enumerate*}\n",
       "\\item 1\n",
       "\\item 2.22044604925031e-16\n",
       "\\item 1.33226762955019e-16\n",
       "\\item -2.22044604925031e-17\n",
       "\\end{enumerate*}\n",
       "\n",
       "\\item[\\$vectors] \\begin{tabular}{llll}\n",
       "\t -0.3162278  &  0.9486833  &  0.00000000 &  0.0000000 \\\\\n",
       "\t -0.4472136  & -0.1490712  &  0.75854107 & -0.4498813 \\\\\n",
       "\t -0.5477226  & -0.1825742  & -0.65104666 & -0.4927524 \\\\\n",
       "\t -0.6324555  & -0.2108185  &  0.02745342 &  0.7448502 \\\\\n",
       "\\end{tabular}\n",
       "\n",
       "\\end{description}\n"
      ],
      "text/markdown": [
       "$values\n",
       ":   1. 1\n",
       "2. 2.22044604925031e-16\n",
       "3. 1.33226762955019e-16\n",
       "4. -2.22044604925031e-17\n",
       "\n",
       "\n",
       "\n",
       "$vectors\n",
       ":   1. -0.316227766016838\n",
       "2. -0.447213595499958\n",
       "3. -0.547722557505166\n",
       "4. -0.632455532033676\n",
       "5. 0.948683298050514\n",
       "6. -0.149071198499986\n",
       "7. -0.182574185835055\n",
       "8. -0.210818510677892\n",
       "9. 0\n",
       "10. 0.758541068183058\n",
       "11. -0.651046663312274\n",
       "12. 0.027453416356796\n",
       "13. 0\n",
       "14. -0.449881346198621\n",
       "15. -0.49275238087362\n",
       "16. 0.744850230238198\n",
       "\n",
       "\n",
       "\n",
       "\n",
       "\n"
      ],
      "text/plain": [
       "$values\n",
       "[1]  1.000000e+00  2.220446e-16  1.332268e-16 -2.220446e-17\n",
       "\n",
       "$vectors\n",
       "           [,1]       [,2]        [,3]       [,4]\n",
       "[1,] -0.3162278  0.9486833  0.00000000  0.0000000\n",
