{
 "cells": [
  {
   "cell_type": "code",
   "execution_count": 5,
   "metadata": {
    "collapsed": false
   },
   "outputs": [
    {
     "data": {
      "text/html": [
       "<table>\n",
       "<tbody>\n",
       "\t<tr><td> 0.4189386 </td><td>-0.01458280</td><td>-1.247364  </td><td> 1.2718361 </td></tr>\n",
       "\t<tr><td>-0.7765370 </td><td>-0.08046722</td><td>-0.123114  </td><td>-0.2850519 </td></tr>\n",
       "\t<tr><td>-1.2971716 </td><td>-0.90456840</td><td>-2.093755  </td><td> 0.7175783 </td></tr>\n",
       "\t<tr><td>-0.1499491 </td><td>-2.10868422</td><td> 1.640839  </td><td> 1.1473185 </td></tr>\n",
       "</tbody>\n",
       "</table>\n"
      ],
      "text/latex": [
       "\\begin{tabular}{llll}\n",
       "\t  0.4189386  & -0.01458280 & -1.247364   &  1.2718361 \\\\\n",
       "\t -0.7765370  & -0.08046722 & -0.123114   & -0.2850519 \\\\\n",
       "\t -1.2971716  & -0.90456840 & -2.093755   &  0.7175783 \\\\\n",
       "\t -0.1499491  & -2.10868422 &  1.640839   &  1.1473185 \\\\\n",
       "\\end{tabular}\n"
      ],
      "text/markdown": [
       "1. 0.418938648980509\n",
       "2. -0.776536996352577\n",
       "3. -1.29717163336318\n",
       "4. -0.149949117510911\n",
       "5. -0.0145828001673571\n",
       "6. -0.0804672194909843\n",
       "7. -0.904568395488825\n",
       "8. -2.10868422335396\n",
       "9. -1.24736403432908\n",
       "10. -0.12311401013189\n",
       "11. -2.09375512789522\n",
       "12. 1.64083905009811\n",
       "13. 1.27183610840649\n",
       "14. -0.285051886948076\n",
       "15. 0.717578296228946\n",
       "16. 1.1473184705579\n",
       "\n",
       "\n"
      ],
      "text/plain": [
       "     [,1]       [,2]        [,3]      [,4]      \n",
       "[1,]  0.4189386 -0.01458280 -1.247364  1.2718361\n",
       "[2,] -0.7765370 -0.08046722 -0.123114 -0.2850519\n",
       "[3,] -1.2971716 -0.90456840 -2.093755  0.7175783\n",
       "[4,] -0.1499491 -2.10868422  1.640839  1.1473185"
      ]
     },
     "metadata": {},
     "output_type": "display_data"
    }
   ],
   "source": [
    "mat <- matrix(rnorm(16),4)\n",
    "mat"
   ]
  },
  {
   "cell_type": "code",
   "execution_count": 6,
   "metadata": {
    "collapsed": false
   },
   "outputs": [
    {
     "data": {
      "text/html": [
       "<dl>\n",
       "\t<dt>$values</dt>\n",
       "\t\t<dd><ol class=list-inline>\n",
       "\t<li>-3.04892169905161+0i</li>\n",
       "\t<li>1.98594044813994+0i</li>\n",
       "\t<li>0.227508011531939+0.634109951692173i</li>\n",
       "\t<li>0.227508011531939-0.634109951692173i</li>\n",
       "</ol>\n",
       "</dd>\n",
       "\t<dt>$vectors</dt>\n",
       "\t\t<dd><table>\n",
       "<tbody>\n",
       "\t<tr><td> 0.4088791+0i        </td><td> 0.59109334+0i       </td><td> 0.6070528+0.0000000i</td><td> 0.6070528+0.0000000i</td></tr>\n",
       "\t<tr><td> 0.1174276+0i        </td><td>-0.32478673+0i       </td><td>-0.3450559+0.3366483i</td><td>-0.3450559-0.3366483i</td></tr>\n",
       "\t<tr><td> 0.8654033+0i        </td><td> 0.01391121+0i       </td><td>-0.3091407+0.0689106i</td><td>-0.3091407-0.0689106i</td></tr>\n",
       "\t<tr><td>-0.2647748+0i        </td><td> 0.73819288+0i       </td><td>-0.3985195+0.3741080i</td><td>-0.3985195-0.3741080i</td></tr>\n",
       "</tbody>\n",
       "</table>\n",
       "</dd>\n",
       "</dl>\n"
      ],
      "text/latex": [
       "\\begin{description}\n",
       "\\item[\\$values] \\begin{enumerate*}\n",
       "\\item -3.04892169905161+0i\n",
       "\\item 1.98594044813994+0i\n",
       "\\item 0.227508011531939+0.634109951692173i\n",
       "\\item 0.227508011531939-0.634109951692173i\n",
       "\\end{enumerate*}\n",
       "\n",
       "\\item[\\$vectors] \\begin{tabular}{llll}\n",
       "\t  0.4088791+0i         &  0.59109334+0i        &  0.6070528+0.0000000i &  0.6070528+0.0000000i\\\\\n",
       "\t  0.1174276+0i         & -0.32478673+0i        & -0.3450559+0.3366483i & -0.3450559-0.3366483i\\\\\n",
       "\t  0.8654033+0i         &  0.01391121+0i        & -0.3091407+0.0689106i & -0.3091407-0.0689106i\\\\\n",
       "\t -0.2647748+0i         &  0.73819288+0i        & -0.3985195+0.3741080i & -0.3985195-0.3741080i\\\\\n",
       "\\end{tabular}\n",
       "\n",
       "\\end{description}\n"
      ],
      "text/markdown": [
       "$values\n",
       ":   1. -3.04892169905161+0i\n",
       "2. 1.98594044813994+0i\n",
       "3. 0.227508011531939+0.634109951692173i\n",
       "4. 0.227508011531939-0.634109951692173i\n",
       "\n",
       "\n",
       "\n",
       "$vectors\n",
       ":   1. 0.408879099449603+0i\n",
       "2. 0.117427589772419+0i\n",
       "3. 0.865403332417339+0i\n",
       "4. -0.264774839126544+0i\n",
       "5. 0.591093336079859+0i\n",
       "6. -0.324786726376681+0i\n",
       "7. 0.0139112068779924+0i\n",
       "8. 0.738192880441622+0i\n",
       "9. 0.607052807437666+0i\n",
       "10. -0.345055915569397+0.336648255853684i\n",
       "11. -0.309140743450996+0.068910611375394i\n",
       "12. -0.398519454615595+0.374108044038897i\n",
       "13. 0.607052807437666+0i\n",
       "14. -0.345055915569397-0.336648255853684i\n",
       "15. -0.309140743450996-0.068910611375394i\n",
       "16. -0.398519454615595-0.374108044038897i\n",
       "\n",
       "\n",
       "\n",
       "\n",
       "\n"
      ],
      "text/plain": [
       "$values\n",
       "[1] -3.048922+0.00000i  1.985940+0.00000i  0.227508+0.63411i  0.227508-0.63411i\n",
       "\n",
       "$vectors\n",
       "              [,1]           [,2]                  [,3]                  [,4]\n",
       "[1,]  0.4088791+0i  0.59109334+0i  0.6070528+0.0000000i  0.6070528+0.0000000i\n",
       "[2,]  0.1174276+0i -0.32478673+0i -0.3450559+0.3366483i -0.3450559-0.3366483i\n",
       "[3,]  0.8654033+0i  0.01391121+0i -0.3091407+0.0689106i -0.3091407-0.0689106i\n",
       "[4,] -0.2647748+0i  0.73819288+0i -0.3985195+0.3741080i -0.3985195-0.3741080i\n"
      ]
     },
     "metadata": {},
     "output_type": "display_data"
    }
   ],
   "source": [
    "eigen(mat)"
   ]
  },
  {
   "cell_type": "code",
   "execution_count": 7,
   "metadata": {
    "collapsed": true
   },
   "outputs": [],
   "source": [
    "ide.P <- function(X) X %*% solve(t(X) %*% X) %*% t(X)\n",
    "#ide.M <- function(X) I # I can't identify the mud pdf file exactly\n"
   ]
  },
  {
   "cell_type": "code",
   "execution_count": 9,
   "metadata": {
    "collapsed": false
   },
   "outputs": [
    {
     "data": {
      "text/html": [
       "<table>\n",
       "<tbody>\n",
       "\t<tr><td>1.000000e+00 </td><td> 3.941292e-15</td><td>4.440892e-16 </td><td>-2.886580e-15</td></tr>\n",
       "\t<tr><td>5.773160e-15 </td><td> 1.000000e+00</td><td>4.440892e-16 </td><td> 3.996803e-15</td></tr>\n",
       "\t<tr><td>3.996803e-15 </td><td>-2.275957e-15</td><td>1.000000e+00 </td><td> 3.330669e-16</td></tr>\n",
       "\t<tr><td>3.164136e-15 </td><td>-1.387779e-16</td><td>3.053113e-15 </td><td> 1.000000e+00</td></tr>\n",
       "</tbody>\n",
       "</table>\n"
      ],
      "text/latex": [
       "\\begin{tabular}{llll}\n",
       "\t 1.000000e+00  &  3.941292e-15 & 4.440892e-16  & -2.886580e-15\\\\\n",
       "\t 5.773160e-15  &  1.000000e+00 & 4.440892e-16  &  3.996803e-15\\\\\n",
       "\t 3.996803e-15  & -2.275957e-15 & 1.000000e+00  &  3.330669e-16\\\\\n",
       "\t 3.164136e-15  & -1.387779e-16 & 3.053113e-15  &  1.000000e+00\\\\\n",
       "\\end{tabular}\n"
      ],
      "text/markdown": [
       "1. 0.999999999999999\n",
       "2. 5.77315972805081e-15\n",
       "3. 3.99680288865056e-15\n",
       "4. 3.1641356201817e-15\n",
       "5. 3.94129173741931e-15\n",
       "6. 1\n",
       "7. -2.27595720048157e-15\n",
       "8. -1.38777878078145e-16\n",
       "9. 4.44089209850063e-16\n",
       "10. 4.44089209850063e-16\n",
       "11. 1\n",
       "12. 3.05311331771918e-15\n",
       "13. -2.88657986402541e-15\n",
       "14. 3.99680288865056e-15\n",
       "15. 3.33066907387547e-16\n",
       "16. 1\n",
       "\n",
       "\n"
      ],
      "text/plain": [
       "     [,1]         [,2]          [,3]         [,4]         \n",
       "[1,] 1.000000e+00  3.941292e-15 4.440892e-16 -2.886580e-15\n",
       "[2,] 5.773160e-15  1.000000e+00 4.440892e-16  3.996803e-15\n",
       "[3,] 3.996803e-15 -2.275957e-15 1.000000e+00  3.330669e-16\n",
       "[4,] 3.164136e-15 -1.387779e-16 3.053113e-15  1.000000e+00"
      ]
     },
     "metadata": {},
     "output_type": "display_data"
    }
   ],
   "source": [
    "mat2 <- ide.P(mat)\n",
    "mat2"
   ]
  },
  {
   "cell_type": "code",
   "execution_count": 10,
   "metadata": {
    "collapsed": false
   },
   "outputs": [
    {
     "data": {
      "text/html": [
       "<table>\n",
       "<tbody>\n",
       "\t<tr><td>1.000000e+00 </td><td> 7.882583e-15</td><td>8.881784e-16 </td><td>-5.773160e-15</td></tr>\n",
       "\t<tr><td>1.154632e-14 </td><td> 1.000000e+00</td><td>8.881784e-16 </td><td> 7.993606e-15</td></tr>\n",
       "\t<tr><td>7.993606e-15 </td><td>-4.551914e-15</td><td>1.000000e+00 </td><td> 6.661338e-16</td></tr>\n",
       "\t<tr><td>6.328271e-15 </td><td>-2.775558e-16</td><td>6.106227e-15 </td><td> 1.000000e+00</td></tr>\n",
       "</tbody>\n",
       "</table>\n"
      ],
      "text/latex": [
       "\\begin{tabular}{llll}\n",
       "\t 1.000000e+00  &  7.882583e-15 & 8.881784e-16  & -5.773160e-15\\\\\n",
       "\t 1.154632e-14  &  1.000000e+00 & 8.881784e-16  &  7.993606e-15\\\\\n",
       "\t 7.993606e-15  & -4.551914e-15 & 1.000000e+00  &  6.661338e-16\\\\\n",
       "\t 6.328271e-15  & -2.775558e-16 & 6.106227e-15  &  1.000000e+00\\\\\n",
       "\\end{tabular}\n"
      ],
      "text/markdown": [
       "1. 0.999999999999999\n",
       "2. 1.15463194561016e-14\n",
       "3. 7.99360577730112e-15\n",
       "4. 6.32827124036341e-15\n",
       "5. 7.88258347483861e-15\n",
       "6. 1\n",
       "7. -4.55191440096313e-15\n",
       "8. -2.77555756156284e-16\n",
       "9. 8.88178419700119e-16\n",
       "10. 8.88178419700142e-16\n",
       "11. 1\n",
       "12. 6.10622663543838e-15\n",
       "13. -5.77315972805081e-15\n",
       "14. 7.99360577730113e-15\n",
       "15. 6.66133814775075e-16\n",
       "16. 1.00000000000001\n",
       "\n",
       "\n"
      ],
      "text/plain": [
       "     [,1]         [,2]          [,3]         [,4]         \n",
       "[1,] 1.000000e+00  7.882583e-15 8.881784e-16 -5.773160e-15\n",
       "[2,] 1.154632e-14  1.000000e+00 8.881784e-16  7.993606e-15\n",
       "[3,] 7.993606e-15 -4.551914e-15 1.000000e+00  6.661338e-16\n",
       "[4,] 6.328271e-15 -2.775558e-16 6.106227e-15  1.000000e+00"
      ]
     },
     "metadata": {},
     "output_type": "display_data"
    }
   ],
   "source": [
    "mat2 %*% mat2"
   ]
  },
  {
   "cell_type": "code",
   "execution_count": 11,
   "metadata": {
    "collapsed": false
   },
   "outputs": [
    {
     "data": {
      "text/html": [
       "<table>\n",
       "<tbody>\n",
       "\t<tr><td> 1.000000e+00</td><td>-5.273559e-16</td><td>-8.465451e-16</td><td> 1.387779e-17</td></tr>\n",
       "\t<tr><td>-3.547510e-16</td><td> 1.000000e+00</td><td> 8.153200e-17</td><td> 2.099015e-16</td></tr>\n",
       "\t<tr><td>-4.128642e-16</td><td> 2.914335e-16</td><td> 1.000000e+00</td><td>-6.106227e-16</td></tr>\n",
       "\t<tr><td>-2.220446e-16</td><td> 3.330669e-16</td><td> 1.110223e-16</td><td> 1.000000e+00</td></tr>\n",
       "</tbody>\n",
       "</table>\n"
      ],
      "text/latex": [
       "\\begin{tabular}{llll}\n",
       "\t  1.000000e+00 & -5.273559e-16 & -8.465451e-16 &  1.387779e-17\\\\\n",
       "\t -3.547510e-16 &  1.000000e+00 &  8.153200e-17 &  2.099015e-16\\\\\n",
       "\t -4.128642e-16 &  2.914335e-16 &  1.000000e+00 & -6.106227e-16\\\\\n",
       "\t -2.220446e-16 &  3.330669e-16 &  1.110223e-16 &  1.000000e+00\\\\\n",
       "\\end{tabular}\n"
      ],
      "text/markdown": [
       "1. 1\n",
       "2. -3.54750950837257e-16\n",
       "3. -4.1286418728248e-16\n",
       "4. -2.22044604925031e-16\n",
       "5. -5.27355936696949e-16\n",
       "6. 1\n",
       "7. 2.91433543964104e-16\n",
       "8. 3.33066907387547e-16\n",
       "9. -8.46545056276682e-16\n",
       "10. 8.15320033709099e-17\n",
       "11. 1\n",
       "12. 1.11022302462516e-16\n",
       "13. 1.38777878078145e-17\n",
       "14. 2.09901540593194e-16\n",
       "15. -6.10622663543836e-16\n",
       "16. 1\n",
       "\n",
       "\n"
      ],
      "text/plain": [
       "     [,1]          [,2]          [,3]          [,4]         \n",
       "[1,]  1.000000e+00 -5.273559e-16 -8.465451e-16  1.387779e-17\n",
       "[2,] -3.547510e-16  1.000000e+00  8.153200e-17  2.099015e-16\n",
       "[3,] -4.128642e-16  2.914335e-16  1.000000e+00 -6.106227e-16\n",
       "[4,] -2.220446e-16  3.330669e-16  1.110223e-16  1.000000e+00"
      ]
     },
     "metadata": {},
     "output_type": "display_data"
    }
   ],
   "source": [
    "ide.P(matrix(rnorm(16),4))"
   ]
  },
  {
   "cell_type": "code",
   "execution_count": 12,
   "metadata": {
    "collapsed": false
   },
   "outputs": [
    {
     "data": {
      "text/html": [
       "<table>\n",
       "<tbody>\n",
       "\t<tr><td>1.000000e+00 </td><td>-1.314920e-15</td><td>9.298118e-16 </td><td> 1.569925e-16</td></tr>\n",
       "\t<tr><td>1.887379e-15 </td><td> 1.000000e+00</td><td>1.110223e-16 </td><td>-2.636780e-16</td></tr>\n",
       "\t<tr><td>2.220446e-16 </td><td> 1.110223e-15</td><td>1.000000e+00 </td><td> 3.885781e-16</td></tr>\n",
       "\t<tr><td>1.332268e-15 </td><td>-2.886580e-15</td><td>6.661338e-16 </td><td> 1.000000e+00</td></tr>\n",
       "</tbody>\n",
       "</table>\n"
      ],
      "text/latex": [
       "\\begin{tabular}{llll}\n",
       "\t 1.000000e+00  & -1.314920e-15 & 9.298118e-16  &  1.569925e-16\\\\\n",
       "\t 1.887379e-15  &  1.000000e+00 & 1.110223e-16  & -2.636780e-16\\\\\n",
       "\t 2.220446e-16  &  1.110223e-15 & 1.000000e+00  &  3.885781e-16\\\\\n",
       "\t 1.332268e-15  & -2.886580e-15 & 6.661338e-16  &  1.000000e+00\\\\\n",
       "\\end{tabular}\n"
      ],
      "text/markdown": [
       "1. 1\n",
       "2. 1.88737914186277e-15\n",
       "3. 2.22044604925031e-16\n",
       "4. 1.33226762955019e-15\n",
       "5. -1.31492039479042e-15\n",
       "6. 1\n",
       "7. 1.11022302462516e-15\n",
       "8. -2.88657986402541e-15\n",
       "9. 9.29811783123569e-16\n",
       "10. 1.11022302462516e-16\n",
       "11. 1\n",
       "12. 6.66133814775094e-16\n",
       "13. 1.56992474575901e-16\n",
       "14. -2.63677968348475e-16\n",
       "15. 3.88578058618805e-16\n",
       "16. 1\n",
       "\n",
       "\n"
      ],
      "text/plain": [
       "     [,1]         [,2]          [,3]         [,4]         \n",
       "[1,] 1.000000e+00 -1.314920e-15 9.298118e-16  1.569925e-16\n",
       "[2,] 1.887379e-15  1.000000e+00 1.110223e-16 -2.636780e-16\n",
       "[3,] 2.220446e-16  1.110223e-15 1.000000e+00  3.885781e-16\n",
       "[4,] 1.332268e-15 -2.886580e-15 6.661338e-16  1.000000e+00"
      ]
     },
     "metadata": {},
     "output_type": "display_data"
    }
   ],
   "source": [
    "ide.P(matrix(rnorm(16),4))"
   ]
  },
  {
   "cell_type": "code",
   "execution_count": 13,
   "metadata": {
    "collapsed": true
   },
   "outputs": [],
   "source": [
    "x <- rnorm(100)\n",
    "y <- x + rnorm(100)\n",
    "z <- x + 2*y + rnorm(100)\n"
   ]
  },
  {
   "cell_type": "code",
   "execution_count": 22,
   "metadata": {
    "collapsed": false
   },
   "outputs": [
    {
     "data": {
      "text/html": [
       "<table>\n",
       "<tbody>\n",
       "\t<tr><td> 0.9988160</td><td> 0.4172794</td><td> 2.4607693</td></tr>\n",
       "\t<tr><td> 0.2878284</td><td>-0.9167871</td><td>-2.0861623</td></tr>\n",
       "\t<tr><td>-1.4318270</td><td>-0.2235502</td><td>-0.2329351</td></tr>\n",
       "\t<tr><td>-0.4301869</td><td> 0.5739932</td><td> 1.1880477</td></tr>\n",
       "\t<tr><td>-0.6812575</td><td> 0.1829190</td><td>-2.0166499</td></tr>\n",
       "\t<tr><td> 0.7153226</td><td> 1.6973055</td><td> 4.8651433</td></tr>\n",
       "</tbody>\n",
       "</table>\n"
      ],
      "text/latex": [
       "\\begin{tabular}{lll}\n",
       "\t  0.9988160 &  0.4172794 &  2.4607693\\\\\n",
       "\t  0.2878284 & -0.9167871 & -2.0861623\\\\\n",
       "\t -1.4318270 & -0.2235502 & -0.2329351\\\\\n",
       "\t -0.4301869 &  0.5739932 &  1.1880477\\\\\n",
       "\t -0.6812575 &  0.1829190 & -2.0166499\\\\\n",
       "\t  0.7153226 &  1.6973055 &  4.8651433\\\\\n",
       "\\end{tabular}\n"
      ],
      "text/markdown": [
       "1. 0.998815951671214\n",
       "2. 0.28782837891499\n",
       "3. -1.4318270218611\n",
       "4. -0.430186876809501\n",
       "5. -0.681257459230541\n",
       "6. 0.715322631336414\n",
       "7. 0.41727937713806\n",
       "8. -0.916787064256936\n",
       "9. -0.223550242042587\n",
       "10. 0.573993173657993\n",
       "11. 0.182919042770769\n",
       "12. 1.69730551552019\n",
       "13. 2.46076932580635\n",
       "14. -2.08616231206623\n",
       "15. -0.232935053038674\n",
       "16. 1.18804774129215\n",
       "17. -2.01664994267181\n",
       "18. 4.86514332137239\n",
       "\n",
       "\n"
      ],
      "text/plain": [
       "     [,1]       [,2]       [,3]      \n",
       "[1,]  0.9988160  0.4172794  2.4607693\n",
       "[2,]  0.2878284 -0.9167871 -2.0861623\n",
       "[3,] -1.4318270 -0.2235502 -0.2329351\n",
       "[4,] -0.4301869  0.5739932  1.1880477\n",
       "[5,] -0.6812575  0.1829190 -2.0166499\n",
       "[6,]  0.7153226  1.6973055  4.8651433"
      ]
     },
     "metadata": {},
     "output_type": "display_data"
    }
   ],
   "source": [
    "m <- matrix(c(x,y,z),100)\n",
    "head(m)"
   ]
  },
  {
   "cell_type": "code",
   "execution_count": 23,
   "metadata": {
    "collapsed": false
   },
   "outputs": [
    {
     "data": {
      "text/html": [
       "<ol class=list-inline>\n",
       "\t<li>0.998815951671214</li>\n",
       "\t<li>0.28782837891499</li>\n",
       "\t<li>-1.4318270218611</li>\n",
       "\t<li>-0.430186876809501</li>\n",
       "\t<li>-0.681257459230541</li>\n",
       "\t<li>0.715322631336414</li>\n",
       "</ol>\n"
      ],
      "text/latex": [
       "\\begin{enumerate*}\n",
       "\\item 0.998815951671214\n",
       "\\item 0.28782837891499\n",
       "\\item -1.4318270218611\n",
       "\\item -0.430186876809501\n",
       "\\item -0.681257459230541\n",
       "\\item 0.715322631336414\n",
       "\\end{enumerate*}\n"
      ],
      "text/markdown": [
       "1. 0.998815951671214\n",
       "2. 0.28782837891499\n",
       "3. -1.4318270218611\n",
       "4. -0.430186876809501\n",
       "5. -0.681257459230541\n",
       "6. 0.715322631336414\n",
       "\n",
       "\n"
      ],
      "text/plain": [
       "[1]  0.9988160  0.2878284 -1.4318270 -0.4301869 -0.6812575  0.7153226"
      ]
     },
     "metadata": {},
     "output_type": "display_data"
    }
   ],
   "source": [
    "head(x)"
   ]
  },
  {
   "cell_type": "code",
   "execution_count": 24,
   "metadata": {
    "collapsed": false
   },
   "outputs": [
    {
     "data": {
      "text/html": [
       "<table>\n",
       "<tbody>\n",
       "\t<tr><td>1.0486795</td><td>0.9504855</td><td> 2.995186</td></tr>\n",
       "\t<tr><td>0.9504855</td><td>1.9369482</td><td> 4.696738</td></tr>\n",
       "\t<tr><td>2.9951862</td><td>4.6967380</td><td>13.164079</td></tr>\n",
       "</tbody>\n",
       "</table>\n"
      ],
      "text/latex": [
       "\\begin{tabular}{lll}\n",
       "\t 1.0486795 & 0.9504855 &  2.995186\\\\\n",
       "\t 0.9504855 & 1.9369482 &  4.696738\\\\\n",
       "\t 2.9951862 & 4.6967380 & 13.164079\\\\\n",
       "\\end{tabular}\n"
      ],
      "text/markdown": [
       "1. 1.04867953239062\n",
       "2. 0.950485520833153\n",
       "3. 2.99518621582853\n",
       "4. 0.950485520833153\n",
       "5. 1.93694824892448\n",
       "6. 4.69673795231127\n",
       "7. 2.99518621582853\n",
       "8. 4.69673795231127\n",
       "9. 13.1640788055432\n",
       "\n",
       "\n"
      ],
      "text/plain": [
       "     [,1]      [,2]      [,3]     \n",
       "[1,] 1.0486795 0.9504855  2.995186\n",
       "[2,] 0.9504855 1.9369482  4.696738\n",
       "[3,] 2.9951862 4.6967380 13.164079"
      ]
     },
     "metadata": {},
     "output_type": "display_data"
    }
   ],
   "source": [
    "cov(m)"
   ]
  },
  {
   "cell_type": "code",
   "execution_count": 25,
   "metadata": {
    "collapsed": false
   },
   "outputs": [
    {
     "data": {
      "text/html": [
       "<dl>\n",
       "\t<dt>$values</dt>\n",
       "\t\t<dd><ol class=list-inline>\n",
       "\t<li>15.5496292503013</li>\n",
       "\t<li>0.443692807504403</li>\n",
       "\t<li>0.156384529052519</li>\n",
       "</ol>\n",
       "</dd>\n",
       "\t<dt>$vectors</dt>\n",
       "\t\t<dd><table>\n",
       "<tbody>\n",
       "\t<tr><td>-0.2116304  </td><td> 0.840303736</td><td>-0.4991014  </td></tr>\n",
       "\t<tr><td>-0.3319436  </td><td>-0.542110995</td><td>-0.7719645  </td></tr>\n",
       "\t<tr><td>-0.9192530  </td><td> 0.002302377</td><td> 0.3936606  </td></tr>\n",
       "</tbody>\n",
       "</table>\n",
       "</dd>\n",
       "</dl>\n"
      ],
      "text/latex": [
       "\\begin{description}\n",
       "\\item[\\$values] \\begin{enumerate*}\n",
       "\\item 15.5496292503013\n",
       "\\item 0.443692807504403\n",
       "\\item 0.156384529052519\n",
       "\\end{enumerate*}\n",
       "\n",
       "\\item[\\$vectors] \\begin{tabular}{lll}\n",
       "\t -0.2116304   &  0.840303736 & -0.4991014  \\\\\n",
       "\t -0.3319436   & -0.542110995 & -0.7719645  \\\\\n",
       "\t -0.9192530   &  0.002302377 &  0.3936606  \\\\\n",
       "\\end{tabular}\n",
       "\n",
       "\\end{description}\n"
      ],
      "text/markdown": [
       "$values\n",
       ":   1. 15.5496292503013\n",
       "2. 0.443692807504403\n",
       "3. 0.156384529052519\n",
       "\n",
       "\n",
       "\n",
       "$vectors\n",
       ":   1. -0.211630374988455\n",
       "2. -0.331943574016259\n",
       "3. -0.919252983705551\n",
       "4. 0.84030373571687\n",
       "5. -0.54211099491037\n",
       "6. 0.00230237650310994\n",
       "7. -0.499101408656116\n",
       "8. -0.771964463473935\n",
       "9. 0.393660578431318\n",
       "\n",
       "\n",
       "\n",
       "\n",
       "\n"
      ],
      "text/plain": [
       "$values\n",
       "[1] 15.5496293  0.4436928  0.1563845\n",
       "\n",
       "$vectors\n",
       "           [,1]         [,2]       [,3]\n",
       "[1,] -0.2116304  0.840303736 -0.4991014\n",
       "[2,] -0.3319436 -0.542110995 -0.7719645\n",
       "[3,] -0.9192530  0.002302377  0.3936606\n"
      ]
     },
     "metadata": {},
     "output_type": "display_data"
    }
   ],
   "source": [
    "eigen(cov(m))"
   ]
  },
  {
   "cell_type": "code",
   "execution_count": 27,
   "metadata": {
    "collapsed": false
   },
   "outputs": [
    {
     "data": {
      "text/html": [
       "<table>\n",
       "<tbody>\n",
       "\t<tr><td>-0.2116304  </td><td> 0.840303736</td><td>-0.4991014  </td></tr>\n",
       "\t<tr><td>-0.3319436  </td><td>-0.542110995</td><td>-0.7719645  </td></tr>\n",
       "\t<tr><td>-0.9192530  </td><td> 0.002302377</td><td> 0.3936606  </td></tr>\n",
       "</tbody>\n",
       "</table>\n"
      ],
      "text/latex": [
       "\\begin{tabular}{lll}\n",
       "\t -0.2116304   &  0.840303736 & -0.4991014  \\\\\n",
       "\t -0.3319436   & -0.542110995 & -0.7719645  \\\\\n",
       "\t -0.9192530   &  0.002302377 &  0.3936606  \\\\\n",
       "\\end{tabular}\n"
      ],
      "text/markdown": [
       "1. -0.211630374988455\n",
       "2. -0.331943574016259\n",
       "3. -0.919252983705551\n",
       "4. 0.84030373571687\n",
       "5. -0.54211099491037\n",
       "6. 0.00230237650310994\n",
       "7. -0.499101408656116\n",
       "8. -0.771964463473935\n",
       "9. 0.393660578431318\n",
       "\n",
       "\n"
      ],
      "text/plain": [
       "     [,1]       [,2]         [,3]      \n",
       "[1,] -0.2116304  0.840303736 -0.4991014\n",
       "[2,] -0.3319436 -0.542110995 -0.7719645\n",
       "[3,] -0.9192530  0.002302377  0.3936606"
      ]
     },
     "metadata": {},
     "output_type": "display_data"
    }
   ],
   "source": [
    "m2 <- eigen(cov(m))$vectors\n",
    "m2"
   ]
  },
  {
   "cell_type": "code",
   "execution_count": 28,
   "metadata": {
    "collapsed": false
   },
   "outputs": [
    {
     "data": {
      "text/html": [
       "<table>\n",
       "<tbody>\n",
       "\t<tr><td> 1.000000e+00</td><td>5.551115e-17 </td><td>-8.326673e-17</td></tr>\n",
       "\t<tr><td> 5.551115e-17</td><td>1.000000e+00 </td><td> 2.775558e-16</td></tr>\n",
       "\t<tr><td>-8.326673e-17</td><td>2.775558e-16 </td><td> 1.000000e+00</td></tr>\n",
       "</tbody>\n",
       "</table>\n"
      ],
      "text/latex": [
       "\\begin{tabular}{lll}\n",
       "\t  1.000000e+00 & 5.551115e-17  & -8.326673e-17\\\\\n",
       "\t  5.551115e-17 & 1.000000e+00  &  2.775558e-16\\\\\n",
       "\t -8.326673e-17 & 2.775558e-16  &  1.000000e+00\\\\\n",
       "\\end{tabular}\n"
      ],
      "text/markdown": [
       "1. 1\n",
       "2. 5.55111512312578e-17\n",
       "3. -8.32667268468867e-17\n",
       "4. 5.55111512312578e-17\n",
       "5. 1\n",
       "6. 2.77555756156289e-16\n",
       "7. -8.32667268468867e-17\n",
       "8. 2.77555756156289e-16\n",
       "9. 1\n",
       "\n",
       "\n"
      ],
      "text/plain": [
       "     [,1]          [,2]         [,3]         \n",
       "[1,]  1.000000e+00 5.551115e-17 -8.326673e-17\n",
       "[2,]  5.551115e-17 1.000000e+00  2.775558e-16\n",
       "[3,] -8.326673e-17 2.775558e-16  1.000000e+00"
      ]
     },
     "metadata": {},
     "output_type": "display_data"
    }
   ],
   "source": [
    "m2 %*% t(m2)"
   ]
  },
  {
   "cell_type": "code",
   "execution_count": 29,
   "metadata": {
    "collapsed": false
   },
   "outputs": [
    {
     "data": {
      "text/html": [
       "<table>\n",
       "<tbody>\n",
       "\t<tr><td> 1.000000e+00</td><td>5.551115e-17 </td><td>-8.326673e-17</td></tr>\n",
       "\t<tr><td> 5.551115e-17</td><td>1.000000e+00 </td><td> 2.775558e-16</td></tr>\n",
       "\t<tr><td>-8.326673e-17</td><td>2.775558e-16 </td><td> 1.000000e+00</td></tr>\n",
       "</tbody>\n",
       "</table>\n"
      ],
      "text/latex": [
       "\\begin{tabular}{lll}\n",
       "\t  1.000000e+00 & 5.551115e-17  & -8.326673e-17\\\\\n",
       "\t  5.551115e-17 & 1.000000e+00  &  2.775558e-16\\\\\n",
       "\t -8.326673e-17 & 2.775558e-16  &  1.000000e+00\\\\\n",
       "\\end{tabular}\n"
      ],
      "text/markdown": [
       "1. 1\n",
       "2. 5.55111512312578e-17\n",
       "3. -8.32667268468867e-17\n",
       "4. 5.55111512312578e-17\n",
       "5. 1\n",
       "6. 2.77555756156289e-16\n",
       "7. -8.32667268468867e-17\n",
       "8. 2.77555756156289e-16\n",
       "9. 1\n",
       "\n",
       "\n"
      ],
      "text/plain": [
       "     [,1]          [,2]         [,3]         \n",
       "[1,]  1.000000e+00 5.551115e-17 -8.326673e-17\n",
       "[2,]  5.551115e-17 1.000000e+00  2.775558e-16\n",
       "[3,] -8.326673e-17 2.775558e-16  1.000000e+00"
      ]
     },
     "metadata": {},
     "output_type": "display_data"
    }
   ],
   "source": [
    "m2 %*% diag(c(1,1,1)) %*% t(m2)"
   ]
  },
  {
   "cell_type": "code",
   "execution_count": 33,
   "metadata": {
    "collapsed": false
   },
   "outputs": [
    {
     "data": {
      "text/html": [
       "<table>\n",
       "<tbody>\n",
       "\t<tr><td>0.5</td><td>0.5</td></tr>\n",
       "\t<tr><td>0.5</td><td>0.5</td></tr>\n",
       "</tbody>\n",
       "</table>\n"
      ],
      "text/latex": [
       "\\begin{tabular}{ll}\n",
       "\t 0.5 & 0.5\\\\\n",
       "\t 0.5 & 0.5\\\\\n",
       "\\end{tabular}\n"
      ],
      "text/markdown": [
       "1. 0.5\n",
       "2. 0.5\n",
       "3. 0.5\n",
       "4. 0.5\n",
       "\n",
       "\n"
      ],
      "text/plain": [
       "     [,1] [,2]\n",
       "[1,] 0.5  0.5 \n",
       "[2,] 0.5  0.5 "
      ]
     },
     "metadata": {},
     "output_type": "display_data"
    }
   ],
   "source": [
    "m3 <- matrix(c(1/2,1/2,1/2,1/2),2)\n",
    "m3"
   ]
  },
  {
   "cell_type": "code",
   "execution_count": 34,
   "metadata": {
    "collapsed": false
   },
   "outputs": [
    {
     "data": {
      "text/html": [
       "<table>\n",
       "<tbody>\n",
       "\t<tr><td>0.5</td><td>0.5</td></tr>\n",
       "\t<tr><td>0.5</td><td>0.5</td></tr>\n",
       "</tbody>\n",
       "</table>\n"
      ],
      "text/latex": [
       "\\begin{tabular}{ll}\n",
       "\t 0.5 & 0.5\\\\\n",
       "\t 0.5 & 0.5\\\\\n",
       "\\end{tabular}\n"
      ],
      "text/markdown": [
       "1. 0.5\n",
       "2. 0.5\n",
       "3. 0.5\n",
       "4. 0.5\n",
       "\n",
       "\n"
      ],
      "text/plain": [
       "     [,1] [,2]\n",
       "[1,] 0.5  0.5 \n",
       "[2,] 0.5  0.5 "
      ]
     },
     "metadata": {},
     "output_type": "display_data"
    }
   ],
   "source": [
    "m3 %*% m3"
   ]
  },
  {
   "cell_type": "code",
   "execution_count": 37,
   "metadata": {
    "collapsed": false
   },
   "outputs": [
    {
     "data": {
      "text/html": [
       "<table>\n",
       "<tbody>\n",
       "\t<tr><td>0.3333333</td><td>0.4714045</td></tr>\n",
       "\t<tr><td>0.4714045</td><td>0.6666667</td></tr>\n",
       "</tbody>\n",
       "</table>\n"
      ],
      "text/latex": [
       "\\begin{tabular}{ll}\n",
       "\t 0.3333333 & 0.4714045\\\\\n",
       "\t 0.4714045 & 0.6666667\\\\\n",
       "\\end{tabular}\n"
      ],
      "text/markdown": [
       "1. 0.333333333333333\n",
       "2. 0.471404520791032\n",
       "3. 0.471404520791032\n",
       "4. 0.666666666666667\n",
       "\n",
       "\n"
      ],
      "text/plain": [
       "     [,1]      [,2]     \n",
       "[1,] 0.3333333 0.4714045\n",
       "[2,] 0.4714045 0.6666667"
      ]
     },
     "metadata": {},
     "output_type": "display_data"
    }
   ],
   "source": [
    "m4 <- matrix(c(1/3,sqrt(2/9),sqrt(2/9),2/3),2)\n",
    "m4"
   ]
  },
  {
   "cell_type": "code",
   "execution_count": 38,
   "metadata": {
    "collapsed": false
   },
   "outputs": [
    {
     "data": {
      "text/html": [
       "<table>\n",
       "<tbody>\n",
       "\t<tr><td>0.3333333</td><td>0.4714045</td></tr>\n",
       "\t<tr><td>0.4714045</td><td>0.6666667</td></tr>\n",
       "</tbody>\n",
       "</table>\n"
      ],
      "text/latex": [
       "\\begin{tabular}{ll}\n",
       "\t 0.3333333 & 0.4714045\\\\\n",
       "\t 0.4714045 & 0.6666667\\\\\n",
       "\\end{tabular}\n"
      ],
      "text/markdown": [
       "1. 0.333333333333333\n",
       "2. 0.471404520791032\n",
       "3. 0.471404520791032\n",
       "4. 0.666666666666667\n",
       "\n",
       "\n"
      ],
      "text/plain": [
       "     [,1]      [,2]     \n",
       "[1,] 0.3333333 0.4714045\n",
       "[2,] 0.4714045 0.6666667"
      ]
     },
     "metadata": {},
     "output_type": "display_data"
    }
   ],
   "source": [
    "m4 %*% m4"
   ]
  },
  {
   "cell_type": "code",
   "execution_count": 39,
   "metadata": {
    "collapsed": false
   },
   "outputs": [
    {
     "name": "stderr",
     "output_type": "stream",
     "text": [
      "Warning message:\n",
      "\"package 'ggplot2' was built under R version 3.3.2\""
     ]
    }
   ],
   "source": [
    "library(ggplot2)"
   ]
  },
  {
   "cell_type": "code",
   "execution_count": 43,
   "metadata": {
    "collapsed": false
   },
   "outputs": [
    {
     "data": {
      "text/html": [
       "6"
      ],
      "text/latex": [
       "6"
      ],
      "text/markdown": [
       "6"
      ],
      "text/plain": [
       "[1] 6"
      ]
     },
     "metadata": {},
     "output_type": "display_data"
    }
   ],
   "source": [
    "prod(2,3)"
   ]
  },
  {
   "cell_type": "code",
   "execution_count": 44,
   "metadata": {
    "collapsed": true
   },
   "outputs": [],
   "source": [
    "?mesh"
   ]
  },
  {
   "cell_type": "code",
   "execution_count": 45,
   "metadata": {
    "collapsed": false
   },
   "outputs": [
    {
     "data": {
      "text/html": [
       "<table>\n",
       "<thead><tr><th scope=col>Var1</th><th scope=col>Var2</th></tr></thead>\n",
       "<tbody>\n",
       "\t<tr><td>1 </td><td>10</td></tr>\n",
       "\t<tr><td>2 </td><td>10</td></tr>\n",
       "\t<tr><td>3 </td><td>10</td></tr>\n",
       "\t<tr><td>1 </td><td>20</td></tr>\n",
       "\t<tr><td>2 </td><td>20</td></tr>\n",
       "\t<tr><td>3 </td><td>20</td></tr>\n",
       "\t<tr><td>1 </td><td>30</td></tr>\n",
       "\t<tr><td>2 </td><td>30</td></tr>\n",
       "\t<tr><td>3 </td><td>30</td></tr>\n",
       "</tbody>\n",
       "</table>\n"
      ],
      "text/latex": [
       "\\begin{tabular}{r|ll}\n",
       " Var1 & Var2\\\\\n",
       "\\hline\n",
       "\t 1  & 10\\\\\n",
       "\t 2  & 10\\\\\n",
       "\t 3  & 10\\\\\n",
       "\t 1  & 20\\\\\n",
       "\t 2  & 20\\\\\n",
       "\t 3  & 20\\\\\n",
       "\t 1  & 30\\\\\n",
       "\t 2  & 30\\\\\n",
       "\t 3  & 30\\\\\n",
       "\\end{tabular}\n"
      ],
      "text/plain": [
       "  Var1 Var2\n",
       "1 1    10  \n",
       "2 2    10  \n",
       "3 3    10  \n",
       "4 1    20  \n",
       "5 2    20  \n",
       "6 3    20  \n",
       "7 1    30  \n",
       "8 2    30  \n",
       "9 3    30  "
      ]
     },
     "metadata": {},
     "output_type": "display_data"
    }
   ],
   "source": [
    "expand.grid(c(1,2,3),c(10,20,30))"
   ]
  },
  {
   "cell_type": "code",
   "execution_count": null,
   "metadata": {
    "collapsed": true
   },
   "outputs": [],
   "source": []
  }
 ],
 "metadata": {
  "kernelspec": {
   "display_name": "R 3.3",
   "language": "R",
   "name": "ir33"
  },
  "language_info": {
   "codemirror_mode": "r",
   "file_extension": ".r",
   "mimetype": "text/x-r-source",
   "name": "R",
   "pygments_lexer": "r",
   "version": "3.3.1"
  }
 },
 "nbformat": 4,
 "nbformat_minor": 0
}
